0
0
0
0
0
0
4.332965
4.332965
4.332965
4.38165
14.225757
20.067957
20.067957
18.412667
19.581107
19.581107
20.554807
10.7107
11.6844
11.6844
32.872112
32.872112
50.661611
50.661611
57.088031
57.088031
63.806561
63.806561
68.577691
60.3694
62.939968
62.939968
73.553298
73.553298
73.553298
58.548581
58.548581
52.901121
52.901121
48.78237
48.78237
38.539046
38.539046
38.539046
28.2373
23.544066
23.544066
23.544066
23.544066
23.544066
32.307366
23.544066
23.544066
23.544066
23.544066
23.281167
21.061131
32.141837
18.01345
17.380545
15.608411
15.608411
15.608411
15.608411
15.608411
13.14495
13.14495
13.14495
13.14495
11.87914
11.87914
11.87914
12.17125
12.17125
12.17125
25.80305
25.80305
25.80305
23.56354
23.56354
23.56354
11.713611
11.713611
11.713611
6.845111
6.845111
6.845111
6.845111
6.825637
6.825637
6.825637
4.849026
4.849026
4.849026
4.849026
3.446898
3.446898
3.446898
1.9474
1.9474
1.9474
1.9474
1.471833792
0.405956117