20.7699864
0,22.1915736
8.0000856,22.1915736
8.0000856,22.229978400000004
0,22.229978400000004

20.7605376
0,22.1915736
8.0000856,22.1915736
8.0000856,24.5745
0,24.5745

20.7513936
0,22.1915736
8.0000856,22.1915736
8.0000856,26.918412
0,26.918412

20.7328008
0,22.1912688
8.0000856,22.1912688
8.0000856,27.372259200000002
0,27.372259200000002

19.5830952
0,22.183344
8.0000856,22.183344
8.0000856,27.388718400000002
0,27.388718400000002

19.490436000000003
0,22.182734400000005
8.0000856,22.182734400000005
8.0000856,27.357019200000003
0,27.357019200000003

19.4809872
0,22.182734400000005
8.0000856,22.182734400000005
8.0000856,26.4968736
0,26.4968736

19.471843200000002
0,22.182734400000005
8.0000856,22.182734400000005
8.0000856,25.636728
0,25.636728

19.4532504
0,22.182429600000003
8.0000856,22.182429600000003
8.0000856,23.9167416
0,23.9167416

19.4346576
0,22.182429600000003
8.0000856,22.182429600000003
8.0000856,22.1964504
0,22.1964504

