52.88340960000001
0,8.0000856
0.0155448,8.0000856
0,8.0973168

52.818792
0,8.0000856
0.3392424,8.0000856
0.3392424,8.001000000000001
0,10.132466400000002

52.759660800000006
0,8.0000856
0.4276344,8.0000856
0.31455360000000004,10.0236528
0,14.000073600000002
0,14.000073600000002

52.701748800000004
0,8.0000856
0.5141976,8.0000856
0.291084,14.000073600000002
0,14.000073600000002

52.626768
0,8.0000856
0.6266688,8.0000856
0.6266688,8.001304800000002
0.4029456,14.000073600000002
0,14.000073600000002

51.4627368
0,8.0000856
0.6867144000000001,8.0000856
0.5370576,14.000073600000002
0,14.000073600000002

51.298144799999996
0,8.0000856
0.5141976,8.0000856
0.2907792,11.999976
0,11.999976

51.181101600000005
0,8.0000856
0.3392424,8.0000856
0.3392424,8.001000000000001
0,10.132466400000002

51.1137408
0,8.0000856
0.00030480000000000004,8.0000856
0,8.001000000000001

