40.2497544
0,12.988137600000002
0.0057912,12.988137600000002
0.012801600000000002,12.9969768
0.0100584,13.0082544
0,13.013131200000002

40.1769072
0,12.840614400000002
0.0768096,12.840614400000002
0.1725168,12.9607056
0.1383792,13.1103624
0,13.176808800000002

40.124786400000005
0,12.804952800000002
0.0938784,12.804952800000002
0.2112264,12.951866400000002
0.16946880000000003,13.135051200000001
0,13.2164328

40.000123200000004
0,12.7747776
0.1085088,12.7747776
0.24384000000000003,12.944246400000003
0.19537680000000002,13.1557776
0,13.2499608

39.9480024
0,12.7796544
0.1060704,12.7796544
0.23835360000000003,12.9454656
0.19110960000000002,13.152424800000002
0,13.244474400000001

39.8233392
0,12.840614400000002
0.0768096,12.840614400000002
0.1725168,12.9607056
0.1383792,13.1103624
0,13.176808800000002

39.750492
0,12.988137600000002
0.0057912,12.988137600000002
0.012801600000000002,12.9969768
0.0100584,13.0082544
0,13.013131200000002

