24.1154712
0,16.046196000000002
8.0000856,16.046196000000002
8.0000856,18.7003944
0,18.7003944

17.248632
0,16.046196000000002
8.0000856,16.046196000000002
8.0000856,18.7003944
0,18.7003944

17.2279056
0,16.046196000000002
8.0000856,16.046196000000002
8.0000856,18.3453024
0,18.3453024

17.2175424
0,16.046196000000002
8.0000856,16.046196000000002
8.0000856,17.204131200000003
0,17.204131200000003

17.207484
0,16.046196000000002
8.0000856,16.046196000000002
8.0000856,16.06296
0,16.06296

