98.9264976
0,10.7890056
0.030175200000000003,10.824972
0,10.824972

98.8624896
0,10.675924800000002
0.1359408,10.824972
0,10.824972

98.73447360000002
0,10.4403144
0.4636008,10.824972
0,10.824972

98.6945448
0,10.373258400000001
0.5931408,10.798454399999999
0.6260591999999999,10.824972
0.026212799999999998,10.824972
0,10.373258400000001

98.69424000000001
0,10.372953599999999
0.5885688,10.7938824
0.629412,10.824972
0,10.824972

98.58603600000001
0,10.1821488
0.707136,10.7051856
0.8525256000000001,10.824972
0,10.824972

98.4781368
0,9.991039200000001
0.8260080000000001,10.616793600000001
1.0750296000000001,10.824972
0,10.824972

98.349816
0,9.7219008
0.3694176,10.0074984
1.2566904,10.7637072
1.322832,10.824972
0,10.824972

97.7091264
0,8.4981288
0.24749760000000004,8.666988
0.5526024,8.976055200000001
1.0168128,9.514636800000002
2.275332,10.824972
0,10.824972

97.51893120000001
0,8.3000088
0.067056,8.3109816
0.08473440000000002,8.3338416
0.11430000000000001,8.366760000000001
0.3837432,8.571890400000001
0.6757416,8.8721184
1.1058144,9.3777816
1.156716,9.4436184
1.7888712,10.1089968
1.8388584000000001,10.166908800000002
1.9501104,10.2802944
2.474976,10.824972
0,10.824972

96.4277472
0,8.0000856
1.1405616,8.0000856
1.1664696,8.026908
1.3828776,8.275624800000001
1.6172688000000002,8.5917024
1.6181832,8.5935312
1.9592544,9.0370152
2.1314664000000003,9.2500704
2.3125176,9.4637352
2.46888,9.640519200000002
2.8084272,10.000488
3.2177736,10.404652800000001
3.4314383999999998,10.6046016
3.677412,10.824972
0,10.824972

96.00011280000001
0,8.0000856
1.4197584,8.0000856
1.5401544,8.133588
2.1070824000000004,8.8715088
3.369564,10.239756
3.9294816,10.730484
4.0309800000000005,10.824972
0,10.824972

95.274384
0,8.0000856
1.8912840000000002,8.0000856
2.357628,8.590788
3.6268152,9.9599496
4.149547200000001,10.443057600000001
4.5299376,10.824972
0,10.824972

94.6501536
0,8.0000856
2.2902672,8.0000856
2.5045416000000005,8.2713576
3.8484048,9.7191576
4.088282400000001,9.940747199999999
4.953,10.824972
0,10.824972

93.15206160000001
0,8.0000856
3.1784544000000006,8.0000856
4.4290488,9.360408000000001
5.081016000000001,10.0331016
5.8814208,10.824972
0,10.824972

93.09567360000001
0,8.0000856
3.2086296,8.0000856
4.453128,9.3546168
5.116068,10.038892800000001
5.912815200000001,10.824972
0,10.824972

91.55795760000001
0,8.0000856
3.9864792000000002,8.0000856
4.8551592,9.0638376
6.483400800000001,10.824972
0,10.824972

90.7889472
0,8.0000856
4.3458384,8.0000856
5.056022400000001,8.9187528
5.4821328000000005,9.4067376
6.759854400000001,10.8182664
5.545836,10.824972
0,10.824972

90.4042896
0,8.0000856
4.5210984000000005,8.0000856
5.1566064,8.8459056
5.5433976000000005,9.3015816
6.8893944000000005,10.806074400000002
3.8770560000000005,10.824972
0,10.824972

90.01993680000001
0,8.0000856
4.6655736,8.0000856
4.7850552,8.16864
5.257190400000001,8.7733632
5.6043576,9.196120800000001
7.0192392,10.7935776
7.048500000000001,10.824972
0,10.824972

88.4998992
0,8.0000856
5.319369600000001,8.0000856
5.323636800000001,8.007400800000001
5.5659528,8.317687200000002
6.039612000000001,9.0400632
7.3923144,10.7963208
7.4160888,10.8216192
0,10.824972

