12.995757600000001
0,16.0458912
8.0000856,16.0458912
8.0000856,23.426928
0,23.426928

8.582558400000002
0,16.046196000000002
8.0000856,16.046196000000002
8.0000856,22.7999544
0,22.7999544

8.490204
0,16.046196000000002
8.0000856,16.046196000000002
8.0000856,18.2633112
0,18.2633112

8.4085176
0,16.046196000000002
8.0000856,16.046196000000002
8.0000856,17.8234848
0,17.8234848

8.3265264
0,16.046196000000002
8.0000856,16.046196000000002
8.0000856,17.376648
0,17.376648

8.2445352
0,16.046196000000002
8.0000856,16.046196000000002
8.0000856,16.9313352
0,16.9313352

8.162544
0,16.046196000000002
8.0000856,16.046196000000002
8.0000856,16.4887656
0,16.4887656

8.090916000000002
0,16.046196000000002
8.0000856,16.046196000000002
8.0000856,16.1022792
0,16.1022792

8.0808576
0,16.0468056
8.0000856,16.0468056

