24.1154712
0,13.5593328
8.0000856,13.5593328
8.0000856,16.046196000000002
0,16.046196000000002

8.1591912
0,13.5593328
8.0000856,13.5593328
8.0000856,16.046196000000002
0,16.046196000000002

8.139683999999999
0,13.8869928
8.0000856,13.8869928
8.0000856,16.046196000000002
0,16.046196000000002

8.1299304
0,14.2460472
8.0000856,14.2460472
8.0000856,16.046196000000002
0,16.046196000000002

8.1201768
0,14.604796799999999
8.0000856,14.604796799999999
8.0000856,16.046196000000002
0,16.046196000000002

8.100364800000001
0,15.322600800000002
8.0000856,15.322600800000002
8.0000856,16.046196000000002
0,16.046196000000002

8.0808576
0,16.0404048
8.0000856,16.0404048
8.0000856,16.046196000000002
0,16.0404048

