24.797918400000004
0.1999488,21.189391200000003
7.800136800000001,21.189391200000003
8.0000856,21.1936584
8.0000856,21.196706400000004
0,21.1936584
0.1999488,21.189391200000003

24.7774968
0,21.069604800000004
0.030784800000000005,21.070823999999998
7.969300800000001,21.070823999999998
8.0000856,21.068385600000003
8.0000856,21.317712
0,21.317712

24.6747792
0,20.8766664
8.0000856,20.8766664
8.0000856,21.5423496
0,21.5423496

24.5519448
0,20.6843376
8.0000856,20.6843376
8.0000856,21.7435176
0,21.7435176

24.4699536
0,20.5368144
8.0000856,20.5368144
8.0000856,21.872448000000002
0,21.872448000000002

24.387962400000003
0,20.386548
8.0000856,20.386548
8.0000856,22.0056456
0,22.0056456

24.22398
0,20.1155808
8.0000856,20.1168
8.0000856,22.2150432
0,22.2150432

24.1215672
0,19.7537832
8.0000856,19.7537832
8.0000856,22.214433600000003
0,22.214433600000003

24.111204
0,18.7003944
8.0000856,18.7003944
8.0000856,22.214433600000003
0,22.214433600000003

17.2553376
0,18.7003944
8.0000856,18.7003944
8.0000856,22.1674944
0,22.1674944

