89.20002480000001
0,0
2.3999952,0
3.2000952000000003,3.3000696
3.6999672,8.0000856
0.0999744,8.3000088
0,0

88.8229872
0,0
2.599944,0
3.400044,3.2000952000000003
3.899916,6.6001392
4.099864800000001,8.0000856
0.0999744,8.3000088
0,0

88.4462544
0,0
2.6999184000000005,0
3.7999416000000004,3.2000952000000003
4.4000928,7.199985600000001
4.5000672,8.0000856
0.0999744,8.3000088
0,0

88.06921679999999
0,0
2.8998672,0
4.099864800000001,3.0001464
4.8999648,7.9001112000000004
3.899916,8.0000856
0.0999744,8.3000088
0,0

87.69217920000001
0,0
3.2000952000000003,0
4.5000672,3.0001464
5.4001415999999995,7.9001112000000004
3.9998904,8.0000856
0.0999744,8.3000088
0,0

87.31544640000001
0,0
3.3000696,0
4.7999904,2.8998672
5.9000136,7.9001112000000004
4.099864800000001,8.0000856
0.0999744,8.3000088
0,0

86.9384088
0,0
3.400044,0
5.199888,2.7998928000000003
6.2999112,8.0000856
3.3000696,8.100060000000001
0.0999744,8.3000088
0,0

86.561676
0,0
3.5000184000000005,0
5.500116000000001,2.7998928000000003
6.6001392,7.9001112000000004
6.6001392,8.0000856
0.0999744,8.3000088
0,0

86.1846384
0,0
3.5000184000000005,0
5.500116000000001,2.6999184000000005
6.7001136,8.0000856
4.099864800000001,8.2000344
0.0999744,8.3000088
0,0

85.8076008
0,0
3.5000184000000005,0
5.500116000000001,2.6999184000000005
6.7001136,8.0000856
1.299972,8.3000088
0.0999744,8.3000088
0,0

85.43086800000002
0,0
3.5000184000000005,0
5.500116000000001,2.6999184000000005
6.7001136,8.0000856
1.0000488,8.3000088
0.0999744,8.3000088
0,0

85.05383040000001
0,0
3.5000184000000005,0
5.4001415999999995,2.6999184000000005
6.7001136,8.0000856
0.0999744,8.3000088
0,0

84.6767928
0,0
3.5000184000000005,0
5.4001415999999995,2.599944
6.7001136,8.100060000000001
0.6001512000000001,8.3000088
0.0999744,8.3000088
0,0

84.30006
0,0
3.5000184000000005,0
5.4001415999999995,2.599944
6.7001136,8.100060000000001
0.0999744,8.3000088
0,0

