84.29670720000001
0,1.299972
2.6609040000000004,1.299972
4.6006512,2.4999696
5.640324,8.0000856
0,8.0000856
0,1.299972

83.5462896
0,1.299972
2.8654248,1.299972
4.7606712,2.4999696
5.7445656000000005,8.0000856
0,8.0000856
0,1.299972

82.7922144
0,1.299972
3.07086,1.299972
4.9216055999999995,2.4999696
5.8494168,8.0000856
0,8.0000856
0,1.299972

82.038444
0,1.299972
3.2759904,1.299972
5.0822352,2.4999696
5.9539632,8.0000856
0,8.0000856
0,1.299972

81.2846736
0,1.299972
3.4814256000000006,1.299972
5.243169600000001,2.4999696
6.0585096,8.0000856
0,8.0000856
0,1.299972

80.53090320000001
0,1.299972
3.6868608000000003,1.299972
5.4037992,2.4999696
6.163056,8.0000856
0,8.0000856
0,1.299972

79.77682800000001
0,1.299972
3.892296,1.299972
5.5647336,2.4999696
6.2676024,8.0000856
0,8.0000856
0,1.299972

79.0230576
0,1.299972
4.0983408,1.299972
5.725668000000001,2.4999696
6.3724536,8.0000856
0,8.0000856
0,1.299972

78.2692872
0,1.299972
4.3043856,1.299972
5.8866024,2.4999696
6.477304800000001,8.0000856
0,8.0000856
0,1.299972

77.5155168
0,1.299972
4.511344800000001,1.299972
6.0481464,2.4999696
6.582156,8.0000856
0,8.0000856
0,1.299972

76.76144160000001
0,1.299972
4.7195232,1.299972
6.2099952,2.4999696
6.6876168,8.0000856
0,8.0000856
0,1.299972

76.0076712
0,1.299972
4.927701600000001,1.299972
6.371844,2.4999696
6.7930776,8.0000856
0,8.0000856
0,1.299972

75.2539008
0,1.299972
5.0910744,1.299972
6.5123568,2.4999696
6.870496800000001,8.0000856
0,8.0000856
0,1.299972

74.5001304
0,1.299972
5.2203096,1.299972
6.63702,2.4999696
6.9271896,8.0000856
0,8.0000856
0,1.299972

