84.30006
0,0
6.099962400000001,0.1999488
8.0000856,8.0000856
6.099962400000001,8.0000856
5.0999136,1.1999976
0,1.1000232
0,0.6501384
0,0

84.2881728
0,0
5.999988,0.1999488
7.9001112000000004,8.0000856
6.199936800000001,8.0000856
4.9999392,1.299972
0,1.1000232
0,0

84.2765904
0,0
5.999988,0.1999488
7.9001112000000004,8.0000856
6.199936800000001,8.0000856
5.299862400000001,1.1999976
0,1.1000232
0,0

84.25281600000001
0,0
6.199936800000001,0.1999488
8.0000856,8.0000856
6.099962400000001,8.0000856
5.299862400000001,1.1999976
0,1.1000232
0,0

84.20587680000001
0,0
6.199936800000001,0.1999488
8.0000856,8.0000856
6.099962400000001,8.0000856
5.299862400000001,1.299972
0,1.299972
0,0

84.1116936
0,0
6.199936800000001,0.1999488
8.0000856,8.0000856
6.099962400000001,8.0000856
4.9999392,1.1000232
0,1.1999976
0,0

83.92302240000001
0,0
5.999988,0.1999488
7.499908800000001,8.0000856
6.199936800000001,8.0000856
4.7999904,1.1999976
0,1.1000232
0,0

83.5462896
0,0
5.9000136,0.1999488
7.499908800000001,8.0000856
6.099962400000001,8.0000856
5.4001415999999995,2.3000208
4.9999392,1.0000488
0,1.1000232
0,0

82.7922144
0,0
5.999988,0.1999488
7.599883200000001,8.0000856
6.099962400000001,8.0000856
5.500116000000001,2.3000208
4.6000416,1.1999976
0,1.1000232
0,0

82.038444
0,0
5.999988,0.1999488
7.599883200000001,8.0000856
6.099962400000001,8.0000856
5.0999136,2.3000208
4.4000928,1.1999976
0,1.1000232
0,0

81.2846736
0,0
6.199936800000001,0.1999488
7.599883200000001,8.0000856
6.099962400000001,8.0000856
5.4001415999999995,2.2000464
4.700016000000001,1.299972
0,1.1000232
0,0

80.53090320000001
0,0
6.6001392,0.1999488
7.599883200000001,8.0000856
6.099962400000001,8.0000856
5.4001415999999995,2.3000208
4.6000416,1.1999976
0,1.1000232
0,0

79.77682800000001
0,0
6.3998856,0.1999488
8.0000856,8.0000856
6.099962400000001,8.0000856
5.4001415999999995,2.3000208
4.700016000000001,1.299972
0,1.1000232
0,0

79.0230576
0,0
6.6001392,0.1999488
8.0000856,8.0000856
6.099962400000001,8.0000856
5.199888,2.3000208
4.300118400000001,1.1999976
0,1.1000232
0,0

78.2692872
0,0
6.6001392,0.1999488
7.9686912,7.994599200000001
6.099962400000001,8.0000856
5.4001415999999995,2.2000464
4.4000928,1.299972
0,1.0000488
0,0

77.5155168
0,0
6.49986,0.1999488
7.9753968,7.996123200000001
6.49986,8.0000856
5.600090400000001,2.100072
4.6000416,1.1000232
0,1.0000488
0,0

76.76144160000001
0,0
6.3998856,0.1999488
7.9821024000000005,7.9973424
6.49986,8.0000856
5.500116000000001,2.100072
4.6000416,1.1000232
0,1.1000232
0,0

76.0076712
0,0
6.3998856,0.1999488
7.9878936000000005,7.9985616
6.49986,8.0000856
4.700016000000001,1.0000488
0,1.1000232
0,0

75.2539008
0,0
6.49986,0.1999488
7.9936848000000005,7.9991712
6.49986,8.0000856
5.4001415999999995,2.0000976
4.6000416,1.0000488
0,1.1000232
0,0

74.5001304
0,0
6.6001392,0.1999488
7.3999344,4.4000928
8.0000856,8.0000856
6.3998856,8.0000856
5.0999136,1.1999976
0,1.1000232
0,0

