74.5001304
0,1.299972
5.4001415999999995,1.6998696
6.7001136,2.599944
6.900062400000001,7.9001112000000004
0,8.0000856
0,1.299972

73.6384608
0,1.299972
5.500116000000001,1.6998696
6.7001136,2.599944
6.900062400000001,7.9001112000000004
0,8.0000856
0,1.299972

71.9154264
0,1.299972
3.0001464,1.3999464000000001
5.4001415999999995,1.6998696
6.7001136,2.599944
7.000036800000001,7.850124
7.000036800000001,7.9001112000000004
0,8.0000856
0,1.299972

71.0537568
0,1.299972
2.0000976,1.3999464000000001
4.7999904,1.5998952
5.500116000000001,1.6998696
6.7001136,2.4999696
6.998208000000001,7.830007200000001
7.000036800000001,7.9001112000000004
0,8.0000856
0,1.299972

70.192392
0,1.299972
1.9001232000000001,1.3999464000000001
5.299862400000001,1.3999464000000001
6.7001136,2.4999696
6.993026400000001,7.910169600000001
6.993026400000001,8.0000856
0,8.0000856
0,1.299972

68.46935760000001
0,1.299972
1.9001232000000001,1.3999464000000001
5.299862400000001,1.3999464000000001
6.7001136,2.4999696
6.9863208000000006,8.0000856
0,8.0000856
0,1.299972

67.60768800000001
0,1.299972
1.9001232000000001,1.3999464000000001
5.299862400000001,1.3999464000000001
6.7001136,2.4999696
6.985101600000001,8.0000856
0,8.0000856
0,1.299972

66.74601840000001
0,1.299972
2.0000976,1.3999464000000001
5.299862400000001,1.3999464000000001
6.7001136,2.4999696
6.986625600000001,8.0000856
0,8.0000856
0,1.299972

65.88465360000001
0,1.299972
1.9001232000000001,1.3999464000000001
5.299862400000001,1.3999464000000001
6.7001136,2.4999696
6.993636,8.0000856
0,8.0000856
0,1.299972

65.02298400000001
0,1.299972
1.9001232000000001,1.3999464000000001
5.299862400000001,1.3999464000000001
6.7001136,2.4999696
7.0003416,8.0000856
0,8.0000856
0,1.299972

64.1616192
0,1.299972
1.9001232000000001,1.3999464000000001
5.299862400000001,1.3999464000000001
6.7001136,2.4999696
7.0024752,8.0000856
0,8.0000856
0,1.299972

63.2999496
0,1.299972
2.0000976,1.3999464000000001
5.299862400000001,1.3999464000000001
6.7001136,2.4999696
7.0039992,8.0000856
0,8.0000856
0,1.299972

