84.30006
0,0
5.0999136,0.1999488
7.9001112000000004,8.0000856
6.199936800000001,8.0000856
4.6000416,1.299972
0,1.299972
0,0.6501384
0,0

84.2881728
0,0
5.199888,0.1999488
7.9001112000000004,8.0000856
6.199936800000001,8.0000856
4.6000416,1.299972
0,1.299972
0,0

84.2765904
0,0
5.199888,0.1999488
7.9001112000000004,8.0000856
6.199936800000001,8.0000856
5.0999136,1.3999464000000001
0,1.299972
0,0

84.25281600000001
0,0
5.0999136,0.1999488
8.0000856,8.0000856
6.099962400000001,8.0000856
4.7999904,1.3999464000000001
0,1.299972
0,0

84.20587680000001
0,0
5.0999136,0.1999488
8.0000856,8.0000856
6.2999112,8.0000856
4.575048,1.299972
0,1.299972
0,0

84.1116936
0,0
4.9999392,0.1999488
8.0000856,8.0000856
6.2999112,8.0000856
4.700016000000001,1.299972
0,1.1999976
0,0

83.92302240000001
0,0
4.9999392,0.1999488
7.9001112000000004,8.0000856
6.2999112,8.0000856
4.700016000000001,1.299972
0,1.1999976
0,0

83.5462896
0,0
5.0999136,0.1999488
8.0000856,8.0000856
6.199936800000001,8.0000856
5.4001415999999995,2.3000208
4.6000416,1.299972
0,1.299972
0,0

82.7922144
0,0
5.500116000000001,0.1999488
7.9001112000000004,8.0000856
6.49986,8.0000856
5.500116000000001,2.3000208
4.6000416,1.299972
0,1.299972
0,0

82.038444
0,0
5.8000392000000005,0.1999488
7.9001112000000004,8.0000856
6.2999112,8.0000856
5.0999136,2.3000208
4.700016000000001,1.1999976
0,1.299972
0,0

81.2846736
0,0
5.999988,0.7001256000000001
7.9001112000000004,8.0000856
6.2999112,8.0000856
5.4001415999999995,2.2000464
4.700016000000001,1.299972
0,1.299972
0,0

80.53090320000001
0,0
5.999988,0.6001512000000001
7.599883200000001,8.0000856
6.163056,8.0000856
5.4001415999999995,2.3000208
4.6000416,1.299972
0,1.299972
0,0

79.77682800000001
0,0
6.3998856,0.1999488
8.0000856,8.0000856
6.099962400000001,8.0000856
5.4001415999999995,2.3000208
4.5000672,1.299972
0,1.299972
0,0

79.0230576
0,0
6.6001392,0.1999488
7.9174848,7.9970376
6.3724536,8.0000856
5.199888,2.3000208
4.5000672,1.299972
0,1.299972
0,0

78.2692872
0,0
6.6001392,0.1999488
7.9686912,7.994599200000001
6.900062400000001,8.0000856
5.4001415999999995,2.2000464
4.4000928,1.299972
0,1.299972
0,0

77.5155168
0,0
6.6001392,0.1999488
7.9753968,7.996123200000001
6.900062400000001,8.0000856
5.600090400000001,2.100072
4.5000672,1.299972
0,1.299972
0,0

76.76144160000001
0,0
6.6001392,0.1999488
7.9821024000000005,7.9973424
7.000036800000001,8.0000856
5.500116000000001,2.100072
4.5000672,1.299972
0,1.299972
0,0

76.0076712
0,0
6.6001392,0.1999488
7.9878936000000005,7.9985616
6.7753992,8.0000856
5.4001415999999995,1.4999208000000002
0,1.299972
0,0

75.2539008
0,0
6.6001392,0.1999488
7.9936848000000005,7.9991712
6.8497704,8.0000856
5.4001415999999995,1.299972
0,1.299972
0,0

74.5001304
0,0
6.6001392,0.1999488
7.3999344,4.4000928
7.9994760000000005,7.9997808
7.199985600000001,8.0000856
5.500116000000001,2.100072
4.4814744,1.3054584000000002
0,1.299972
0,0

