63.2999496
0,1.299972
4.4000928,1.299972
6.771132000000001,2.4999696
7.0039992,8.0000856
0,8.0000856
0,1.299972

62.4385848
0,1.299972
4.5000672,1.299972
6.6001392,2.4999696
7.004304,8.0000856
0,8.0000856
0,1.299972

61.5769152
0,1.299972
5.299862400000001,1.299972
6.7001136,2.599944
7.0024752,8.0000856
0,8.0000856
0,1.299972

60.7152456
0,1.299972
5.199888,1.299972
6.7001136,2.599944
7.0006464,8.0000856
0,8.0000856
0,1.299972

59.853880800000006
0,1.299972
5.4568344,1.299972
6.787896,2.4999696
6.999732000000001,8.0000856
0,8.0000856
0,1.299972

58.99221120000001
0,1.299972
5.4644544,1.299972
6.792468,2.4999696
6.999122400000001,8.0000856
0,8.0000856
0,1.299972

58.1308464
0,1.299972
5.471769600000001,1.299972
6.797954400000001,2.4999696
6.998817600000001,8.0000856
0,8.0000856
0,1.299972

57.2691768
0,1.299972
5.4793896,1.299972
6.804355200000001,2.4999696
6.999122400000001,8.0000856
0,8.0000856
0,1.299972

56.407812
0,1.299972
5.486704800000001,1.299972
6.810756,2.4999696
6.999732000000001,8.0000856
0,8.0000856
0,1.299972

55.5461424
0,1.299972
5.49402,1.299972
6.8171568,2.4999696
7.000036800000001,8.0000856
0,8.0000856
0,1.299972

54.684777600000004
0,1.299972
5.50164,1.299972
6.8232528,2.4999696
7.0003416,8.0000856
0,8.0000856
0,1.299972

53.823108000000005
0,1.299972
5.508955200000001,1.299972
6.8293488,2.4999696
7.0003416,8.0000856
0,8.0000856
0,1.299972

52.961438400000006
0,1.299972
5.5165752,1.299972
6.8348352000000006,2.4999696
7.000036800000001,8.0000856
0,8.0000856
0,1.299972

52.1000736
0,1.299972
5.523890400000001,1.299972
6.8406264000000006,2.4999696
7.000036800000001,8.0000856
0,8.0000856
0,1.299972

