52.1000736
0,1.299972
1.9001232000000001,1.3999464000000001
5.600090400000001,1.6998696
6.800088,2.4999696
7.000036800000001,7.6998576000000005
0,8.0000856
0.1999488,4.6000416
0,1.299972

51.238404
0,1.299972
1.8437352000000002,1.299972
5.600090400000001,1.6998696
6.8461128,2.4999696
7.000036800000001,7.6998576000000005
0,8.0000856
0.1999488,4.700016000000001
0.0999744,3.0001464
0,1.299972

50.3770392
0,1.299972
1.8461736000000002,1.299972
5.600090400000001,1.6998696
6.851904,2.4999696
7.000036800000001,7.6998576000000005
0,8.0000856
0.1999488,4.6000416
0,1.299972

49.5153696
0,1.299972
1.8486120000000001,1.299972
5.600090400000001,1.6998696
6.857390400000001,2.4999696
7.000036800000001,7.6998576000000005
0,8.0000856
0.1999488,4.700016000000001
0,1.299972

48.6540048
0,1.299972
1.8513552,1.299972
5.600090400000001,1.6998696
6.8631816,2.4999696
7.000036800000001,7.6998576000000005
0,8.0000856
0.1999488,4.6000416
0,1.299972

47.792335200000004
0,1.299972
1.8537936000000002,1.299972
5.600090400000001,1.6998696
6.8692776,2.4999696
7.000036800000001,7.6998576000000005
0,8.0000856
0.1999488,4.6000416
0,1.299972

46.930665600000005
0,1.299972
1.856232,1.299972
5.600090400000001,1.6998696
6.8750688,2.4999696
7.000036800000001,7.6998576000000005
0,8.0000856
0.1999488,4.6000416
0,1.299972

46.0693008
0,1.299972
1.8586704,1.299972
5.600090400000001,1.6998696
6.88086,2.4999696
7.000036800000001,7.6998576000000005
0,8.0000856
0.1999488,4.6000416
0,1.299972

45.2076312
0,1.299972
1.8611088,1.299972
5.700064800000001,1.6998696
6.886651200000001,2.4999696
7.000036800000001,7.6998576000000005
0,8.0000856
0,1.299972

44.3462664
0,1.299972
1.863852,1.299972
5.600090400000001,1.6998696
6.8924424,2.4999696
7.000036800000001,7.6998576000000005
0,8.0000856
0,1.299972

43.4845968
0,1.299972
1.8662904000000002,1.299972
5.600090400000001,1.6998696
6.898233600000001,2.4999696
7.000036800000001,7.6998576000000005
0,8.0000856
0,1.299972

42.623232
0,1.299972
1.8687288000000002,1.299972
5.600090400000001,1.5998952
6.90372,2.4999696
7.000036800000001,7.6998576000000005
0,8.0000856
0,1.299972

41.7615624
0,1.299972
1.8711672000000001,1.299972
5.600090400000001,1.6998696
6.909511200000001,2.4999696
7.000036800000001,7.6998576000000005
0,8.0000856
0,1.299972

40.8998928
0,1.299972
1.8736056,1.299972
5.600090400000001,1.6998696
6.9153024,2.4999696
7.000036800000001,7.6998576000000005
0,8.0000856
0,1.299972

