40.8998928
0,1.299972
5.6208168,1.299972
6.800088,2.4999696
7.000036800000001,7.9001112000000004
0,8.0000856
0,1.299972

40.0924776
0,1.299972
5.6278272,1.299972
6.800088,2.4999696
7.000036800000001,7.9001112000000004
0,8.0000856
0,1.299972

39.2847576
0,1.299972
5.6348376,1.299972
6.800088,2.4999696
7.000036800000001,7.9001112000000004
0,8.0000856
0,1.299972

38.4770376
0,1.299972
5.641848,1.299972
6.800088,2.4999696
7.000036800000001,7.9001112000000004
0,8.0000856
0,1.299972

37.6693176
0,1.299972
5.648858400000001,1.299972
6.800088,2.4999696
7.000036800000001,7.9001112000000004
0,8.0000856
0,1.299972

36.8615976
0,1.299972
5.6558688,1.299972
6.800088,2.4999696
7.000036800000001,7.9001112000000004
0,8.0000856
0,1.299972

36.05387760000001
0,1.299972
5.662879200000001,1.299972
6.800088,2.4999696
7.000036800000001,7.9001112000000004
0,8.0000856
0,1.299972

35.246157600000004
0,1.299972
5.6698896,1.299972
6.800088,2.4999696
7.000036800000001,7.9001112000000004
0,8.0000856
0,1.299972

34.4384376
0,1.299972
5.676900000000001,1.299972
6.800088,2.4999696
7.000036800000001,7.9001112000000004
0,8.0000856
0,1.299972

33.630717600000004
0,1.299972
5.6839104,1.299972
6.800088,2.4999696
7.000036800000001,7.9001112000000004
0,8.0000856
0,1.299972

32.8229976
0,1.299972
5.6909208,1.299972
6.800088,2.4999696
7.000036800000001,7.9001112000000004
0,8.0000856
0,1.299972

32.015277600000005
0,1.299972
5.700064800000001,1.299972
6.800088,2.4999696
7.000036800000001,8.0000856
0,8.0000856
0,1.299972

31.2075576
0,1.299972
5.7049416,1.299972
6.800088,2.4999696
7.000036800000001,8.0000856
0,8.0000856
0,1.299972

30.4001424
0,1.299972
5.711952,1.299972
6.800088,2.4999696
7.000036800000001,8.0000856
0,8.0000856
0,1.299972

