24.0999264
0,8.0000856
7.997952,8.0000856
8.0000856,10.180015200000001
8.0000856,10.7993688
0,10.838383199999999

21.8413584
0,8.0000856
8.0000856,8.0000856
8.0000856,10.7969304
0,10.7969304

18.252948
0,8.0000856
7.936992,8.0000856
7.98576,10.797235200000001
0,10.797235200000001

14.664842400000001
0,8.0000856
7.785201600000001,8.0000856
7.865668800000001,9.005925600000001
7.9123032,10.8008928
0,10.8008928

11.076432000000002
0,8.0000856
7.449312000000001,8.0000856
7.5630024,8.4813648
7.6373736,8.9498424
7.7400912,9.981895200000002
7.7751432000000005,10.806074400000002
0,10.8063792

7.488021600000001
0,8.0000856
6.8735447999999995,8.0000856
7.057644000000001,8.4450936
7.194804,8.841943200000001
7.319162400000001,9.329928
7.3999344,9.7648776
7.4849736,10.366857600000001
7.5300839999999996,10.818876
0,10.819180800000002

5.6939688
0,8.0000856
6.544360800000001,8.0000856
6.791858400000001,8.4959952
6.97992,8.9766648
7.181697600000001,9.709404000000001
7.3920096,10.8261912
0,10.826496000000002

4.7966376
0,8.0000856
6.3785496,8.0000856
6.658965600000001,8.5215984
6.872325600000001,9.044025600000001
7.146950400000001,9.9544632
7.32282,10.8301536
0,10.8301536

3.8996112000000003
0,8.0000856
6.206032800000001,8.0000856
6.526072800000001,8.5468968
6.765036,9.1113864
6.9634608,9.6542352
7.112203200000001,10.1992176
7.2536304,10.8338112
0,10.8338112

3.122676
0,8.0000856
6.0393072000000005,8.0000856
6.4669416,8.721852
6.7089528000000005,9.2753688
6.891528,9.762744000000001
7.037832000000001,10.2556056
7.1838312,10.837164
0,10.837164

3.0303216
0,8.0000856
6.0194952,8.0000856
6.4599312,8.742578400000001
6.7022472,9.2945712
6.8826888,9.775545600000001
7.0289928,10.262616000000001
7.175601600000001,10.8374688
0,10.8374688

2.9446728
0,8.0000856
6.0012072000000005,8.0000856
6.4535304,8.7620856
6.696151200000001,9.3128592
6.874764,9.787737600000002
7.0207632,10.268711999999999
7.1679816,10.8380784
0,10.8380784

2.8590240000000002
0,8.0000856
5.9823096,8.0000856
6.4471296,8.781288
6.690055200000001,9.3308424
6.8668392,9.799624800000002
7.012533600000001,10.274808
7.160361600000001,10.838383199999999
0,10.838383199999999

2.6880312
0,8.0000856
5.9454288,8.0000856
5.9463432,8.001304800000002
6.434023200000001,8.8196928
6.677558400000001,9.366808800000001
6.8509896,9.8233992
6.9960744,10.2873048
7.1451216,10.8389928
0,10.8389928

2.3454360000000003
0,8.0000856
5.8670952,8.0000856
5.889955200000001,8.030565600000001
6.2249304,8.5551264
6.408115200000001,8.8968072
6.652869600000001,9.4390464
6.819290400000001,9.8712528
6.9634608,10.3122984
7.114336800000001,10.840516800000001
0,10.840516800000001

2.3451312
0,8.0000856
5.8670952,8.0000856
5.889955200000001,8.030565600000001
6.2249304,8.5551264
6.408115200000001,8.8968072
6.652869600000001,9.4390464
6.819290400000001,9.8712528
6.9634608,10.3122984
7.114336800000001,10.840516800000001
0,10.840516800000001

2.3445216
0,8.0000856
5.866790400000001,8.0000856
5.889650400000001,8.030565600000001
6.2246256,8.5551264
6.4078104,8.8968072
6.6525648,9.4390464
6.819290400000001,9.8712528
6.963156,10.311993600000001
7.114336800000001,10.840516800000001
0,10.840516800000001

2.3429976000000003
0,8.0000856
5.8664856,8.0000856
5.889650400000001,8.0308704
6.2243208,8.5551264
6.4078104,8.897112000000002
6.6525648,9.4390464
6.8189856,9.871557600000001
6.962851200000001,10.3116888
7.114032,10.840516800000001
0,10.840516800000001

2.3402544
0,8.0000856
5.865571200000001,8.0000856
5.889040800000001,8.0311752
6.224016000000001,8.5551264
6.4075055999999995,8.897112000000002
6.651955200000001,9.4390464
6.8186808,9.8718624
6.9625464,10.311384
7.1137272,10.840516800000001
0,10.840516800000001

2.334768
0,8.0000856
5.864656800000001,8.0000856
5.8884312,8.03148
6.2227968,8.5551264
6.4065912,8.8974168
6.6513456,9.4390464
6.818376000000001,9.872472
6.9613271999999995,10.3104696
7.113422400000001,10.840516800000001
0,10.840516800000001

2.3241
0,8.0000856
5.862218400000001,8.0000856
5.8869072000000005,8.0326992
6.220968,8.5551264
6.405372000000001,8.8983312
6.6498216,9.4390464
6.8171568,9.8736912
6.9594984,10.308336
7.112203200000001,10.840516800000001
0,10.840516800000001

2.3024592000000004
0,8.0000856
5.8576464,8.0000856
5.8835544,8.034528
6.2170056,8.5551264
6.4026288000000005,8.899855200000001
6.646468800000001,9.4390464
6.815328,9.875824800000002
6.9552312,10.304373600000002
7.1103744,10.8408216
0,10.8408216

2.2591776
0,8.0000856
5.8485024,8.0000856
5.877458400000001,8.0384904
6.2090808,8.555431200000001
6.3971424,8.9025984
6.640372800000001,9.4390464
6.811060800000001,9.880701600000002
6.9473064,10.2964488
7.106412000000001,10.8408216
0,10.8408216

2.1726144
0,8.0000856
5.8293,8.0000856
5.864656800000001,8.04672
6.1932312,8.555431200000001
6.386169600000001,8.908389600000001
6.6278760000000005,9.4390464
6.803136,9.889845600000001
6.9308472000000005,10.280904
7.098487200000001,10.8414312
0,10.8414312

1.9991832
0,8.0000856
5.7915048,8.0000856
5.8396632,8.0628744
6.161532,8.556040800000002
6.364224,8.919972000000001
6.6028824,9.4387416
6.7869816,9.9087432
6.898233600000001,10.2492048
7.0826376,10.8420408
0,10.8420408

1.6529304
0,8.0000856
5.714390400000001,8.0000856
5.7890664,8.095183200000001
6.0978288,8.5569552
6.3203328,8.9434416
6.552590400000001,9.4387416
6.754368,9.9459288
7.0509384,10.843564800000001
0,10.843564800000001

0.96012
0,8.0000856
5.557723200000001,8.0000856
5.688482400000001,8.159496
5.971032,8.558784
6.2325504,8.990076
6.452616000000001,9.438132000000001
6.6897504,10.020909600000001
6.987540000000001,10.846917600000001
0,10.846917600000001

0.8918448000000001
0,8.0000856
5.5421784,8.0000856
5.678424,8.1658968
5.9585352,8.558784
6.2237112,8.994648000000002
6.442557600000001,9.438132000000001
6.683349600000001,10.028224800000002
6.9811392,10.847222400000001
0,10.847222400000001

0.8238744
0,8.0000856
5.526633600000001,8.0000856
5.6686704,8.1722976
5.9460384,8.5590888
6.2151768,8.99922
6.432804000000001,9.438132000000001
6.6769488,10.03554
6.975043200000001,10.8475272
0,10.8475272

-0
0,8.0000856
5.3407056,8.0000856
5.5376064000000005,8.2231992
5.8299096,8.607247200000002
6.0984384,9.027261600000001
6.313322400000001,9.4378272
6.5599056,10.0062792
6.8957952,10.8511848
0,10.8511848

-0.7001256000000001
0,8.0000856
5.1782472,8.0000856
5.4263544,8.266176000000002
5.7308496,8.648090400000001
5.9993784,9.051036
6.2121288,9.4378272
6.460236,9.9815904
6.8284344,10.8545376
0,10.8545376

-0.7138416000000001
0,8.0000856
5.1751992,8.0000856
5.4242208000000005,8.2670904
5.7290208,8.6490048
5.9975496,9.0516456
6.2099952,9.4378272
6.4584072,9.980980800000001
6.8272152,10.8545376
0,10.8545376

-2.2969728
0,8.0000856
4.803648,8.0000856
4.8277272,8.018983200000001
5.106619200000001,8.277453600000001
5.4108096,8.6069424
5.632094400000001,8.8937592
5.915558400000001,9.325965600000002
6.1895736,9.816084
6.431280000000001,10.3135176
6.670548000000001,10.861852800000001
0,10.861852800000001

-2.3000208
0,8.0000856
4.8027336,8.0000856
4.8271176,8.018983200000001
5.106619200000001,8.2780632
5.410200000000001,8.6069424
5.6317896,8.8943688
5.915253600000001,9.3265752
6.188964,9.815779200000001
6.431280000000001,10.3141272
6.670243200000001,10.861852800000001
0,10.861852800000001

