88.9476504
0,8.416442400000001
7.000036800000001,8.416442400000001
7.000036800000001,11.2443768
0,11.2443768

24.110899200000002
0,8.416442400000001
7.000036800000001,8.416442400000001
7.000036800000001,11.050219199999999
0,11.050219199999999

24.1008408
0,8.416442400000001
7.000036800000001,8.416442400000001
7.000036800000001,10.6122216
0,10.6122216

24.090477600000003
0,8.416442400000001
7.000036800000001,8.416442400000001
7.000036800000001,10.174224
0,10.174224

24.070360800000003
0,8.416442400000001
7.000036800000001,8.416442400000001
7.000036800000001,9.2985336
0,9.2985336

24.0499392
0,8.416442400000001
7.000036800000001,8.416442400000001
7.000036800000001,8.4228432
0,8.4228432

