30.4001424
0,1.299972
5.711952,1.299972
6.900062400000001,2.4999696
6.7001136,8.0000856
0,8.100060000000001
0,1.299972

30.2385984
0,1.299972
5.713171200000001,1.299972
6.900062400000001,2.4999696
6.7001136,8.0000856
0,8.100060000000001
0,1.299972

30.0770544
0,1.299972
5.7146951999999995,1.299972
6.900062400000001,2.4999696
6.7001136,8.0000856
0,8.100060000000001
0,1.299972

29.9155104
0,1.299972
5.7159144,1.299972
6.900062400000001,2.4999696
6.7001136,8.0000856
0,8.100060000000001
0,1.299972

29.7539664
0,1.299972
5.7174384,1.299972
6.900062400000001,2.4999696
6.7001136,8.0000856
0,8.100060000000001
0,1.299972

29.5924224
0,1.299972
5.718962400000001,1.299972
6.900062400000001,2.4999696
6.7001136,8.0000856
0,8.100060000000001
0,1.299972

29.430878400000005
0,1.299972
5.7201816,1.299972
6.900062400000001,2.4999696
6.6001392,8.0000856
0,8.100060000000001
0,1.299972

29.2693344
0,1.299972
5.7217056,1.299972
6.900062400000001,2.4999696
6.6001392,8.0000856
0,8.100060000000001
0,1.299972

29.107790400000003
0,1.299972
5.7229248,1.299972
6.900062400000001,2.4999696
6.6001392,8.0000856
0,8.100060000000001
0,1.299972

28.946246400000003
0,1.299972
5.7244488,1.299972
6.900062400000001,2.4999696
6.6001392,8.0000856
0,8.100060000000001
0,1.299972

28.7847024
0,1.299972
5.725668000000001,1.299972
6.900062400000001,2.4999696
6.6001392,8.0000856
0,8.100060000000001
0,1.299972

28.6231584
0,1.299972
5.727192,1.299972
6.900062400000001,2.4999696
6.6001392,8.0000856
0,8.100060000000001
0,1.299972

28.461614400000002
0,1.299972
5.728716000000001,1.299972
6.900062400000001,2.4999696
6.6001392,8.0000856
0,8.100060000000001
0,1.299972

28.303118400000002
0,1.299972
5.7299352,1.299972
6.900062400000001,2.4999696
6.6001392,8.0000856
0,8.100060000000001
0,1.299972

